

 DIM      10

 MAXCLUSTERS       2

 FEATURE_MEAN      1    10

       0.025968
        32.1743
        140.172
         33.796
        4.43957
        4.14336
        5.31459
         84.593
        2.18619
       0.784162

 FEATURE_SIGMA      1    10

      0.0244591
        14.6057
         14.336
        14.6817
        3.11317
         2.6664
        3.48816
        65.0415
       0.863363
       0.104348

 FEATURE_MIN      1    10

      0.0100122
        1.99176
        101.318
        10.6952
       0.182224
           0.24
       0.222286
              6
              1
       0.483896

 FEATURE_MAX      1    10

       0.344567
        83.8382
         160.55
        89.3505
        25.3593
        25.9139
        22.5605
            349
        4.99999
              1

*************************************************

 CLUSTER       0

 COUNT      3277

 LOG_PRIOR -0.918668

 MEAN_VECTOR 

     1    10

       0.136442
      -0.475594
      -0.316691
       0.134671
       0.626939
       0.590623
       0.681925
       0.305149
        0.20517
      -0.221634

 INVERSE_COVARIANCE_MATRIX 

     1    10     1    10

        1.29472      -0.615611       0.305564      -0.712503      -0.152339     -0.0817926      -0.151569       0.204049      0.0222222      -0.118162
      -0.615611        2.76515    0.000485684       0.753627       0.588024      -0.717117       0.299725      -0.280341      0.0755186     -0.0766872
       0.305564    0.000485649        1.35336      -0.599279    0.000902369      -0.181241      0.0721152      0.0601255     -0.0308221      0.0536194
      -0.712503       0.753627      -0.599279        2.28792      -0.635804       0.330367       0.844983      -0.182064     0.00344591     -0.0275486
      -0.152339       0.588024    0.000902369      -0.635804        1.56675      -0.408938      -0.367066     0.00715974      0.0562289     0.00474273
     -0.0817927      -0.717117      -0.181241       0.330367      -0.408938        1.15888      0.0803803     -0.0180732     0.00201519       0.141165
      -0.151569       0.299725      0.0721152       0.844983      -0.367066      0.0803803        1.30091      0.0991379    0.000791193      0.0510718
       0.204049      -0.280341      0.0601255      -0.182064     0.00715974     -0.0180732      0.0991379       0.908649     -0.0153065       0.202249
      0.0222222      0.0755186     -0.0308221     0.00344591      0.0562289     0.00201519    0.000791194     -0.0153065       0.925992      0.0546286
      -0.118162     -0.0766872      0.0536195     -0.0275486     0.00474274       0.141165      0.0510718       0.202249      0.0546286          1.047

 LOG_DETERMINANT       -1.34628

*************************************************

 CLUSTER       1

 COUNT      4935

 LOG_PRIOR -0.509244

 MEAN_VECTOR 

     1    10

      -0.385552
        0.47097
        0.40573
      -0.296877
      -0.648699
      -0.438782
      -0.550376
      -0.140789
      0.0303893
      0.0499484

 INVERSE_COVARIANCE_MATRIX 

     1    10     1    10

        14.2934       -1.42494       0.370816       -1.81996       -2.47734       -0.36498        -1.7523       0.938254     -0.0560666      -0.146193
       -1.42494         1.9755     -0.0370907        1.23487        1.23313      -0.522392        1.15916      -0.218603      0.0038184       0.113129
       0.370816     -0.0370907        1.71216      -0.328307      -0.513824      -0.065408       0.714164       0.186696     -0.0946637       0.162909
       -1.81996        1.23487      -0.328307        2.87752      -0.560918        0.11736        1.94433      -0.458228      0.0491175      -0.112172
       -2.47734        1.23313      -0.513824      -0.560918        9.36767       -2.29435      -0.566571      -0.257185     -0.0576233     -0.0789313
       -0.36498      -0.522392      -0.065408        0.11736       -2.29435        3.09724      -0.424268      -0.146422     -0.0158856       0.166342
        -1.7523        1.15916       0.714164        1.94433      -0.566571      -0.424268        5.19897      -0.165064     0.00951576       0.131468
       0.938254      -0.218603       0.186696      -0.458228      -0.257185      -0.146422      -0.165064        1.50924     0.00415468       0.385587
     -0.0560666      0.0038184     -0.0946637      0.0491175     -0.0576233     -0.0158856     0.00951576     0.00415468        1.08684      0.0152908
      -0.146193       0.113129       0.162909      -0.112172     -0.0789313       0.166342       0.131468       0.385587      0.0152908        1.20706

 LOG_DETERMINANT       -8.93744