

 DIM      14

 MAXCLUSTERS       2

 FEATURE_MEAN      1    14

       0.025968
        32.1743
        140.172
         33.796
        4.43957
        4.14336
        5.31459
         84.593
        2.18619
       0.784162
        28.2714
       0.288825
       0.345986
       0.288171

 FEATURE_SIGMA      1    14

      0.0244591
        14.6057
         14.336
        14.6817
        3.11317
         2.6664
        3.48816
        65.0415
       0.863363
       0.104348
        13.9448
       0.162484
       0.209213
       0.224343

 FEATURE_MIN      1    14

      0.0100122
        1.99176
        101.318
        10.6952
       0.182224
           0.24
       0.222286
              6
              1
       0.483896
        10.0031
        -0.3354
      -0.569211
      -0.538898

 FEATURE_MAX      1    14

       0.344567
        83.8382
         160.55
        89.3505
        25.3593
        25.9139
        22.5605
            349
        4.99999
              1
        84.9433
       0.799246
       0.861724
       0.881229

*************************************************

 CLUSTER       0

 COUNT      3335

 LOG_PRIOR -0.901124

 MEAN_VECTOR 

     1    14

       0.128583
      -0.397894
      -0.295388
      0.0857354
       0.591327
        0.60658
       0.669931
       0.245501
       0.205675
      -0.188179
       0.399026
       0.197228
       0.301131
      -0.157729

 INVERSE_COVARIANCE_MATRIX 

     1    14     1    14

        1.33591      -0.529839       0.329346      -0.736218      -0.132805     -0.0946645       -0.14437       0.194105      0.0283585      -0.143444     -0.0707097      0.0436289       0.150372      0.0283347
      -0.529839        2.42906     -0.0373203        0.76619       0.579579      -0.542152       0.365122      -0.235905      0.0698683     -0.0577938      -0.260942      0.0517601      -0.150782      -0.028508
       0.329346     -0.0373203        1.33487       -0.56678      0.0220644      -0.160789       0.117802      0.0970524     -0.0352892      0.0442655     -0.0970212     -0.0459627      0.0382065      0.0415246
      -0.736218        0.76619       -0.56678        2.34751      -0.700782       0.352084       0.835344      -0.224542      0.0220561    -0.00910906   -0.000687688    -0.00176663     -0.0520007     -0.0125261
      -0.132805       0.579579      0.0220644      -0.700782        1.62201      -0.381476      -0.367967     -0.0245542      0.0538106      0.0113234      -0.129159      0.0840025     -0.0652273      0.0220247
     -0.0946645      -0.542152      -0.160789       0.352084      -0.381476        1.14817      0.0981656     -0.0754509      0.0214006         0.1244      -0.120042      0.0389864      0.0832431    -0.00805549
       -0.14437       0.365122       0.117802       0.835344      -0.367967      0.0981656        1.30257      0.0608338     0.00976287      0.0601466      -0.076585      0.0576573      0.0464818     -0.0136166
       0.194105      -0.235905      0.0970524      -0.224542     -0.0245542     -0.0754509      0.0608338       0.954782     -0.0242844       0.212951       0.103092     -0.0516622      0.0894583      0.0222041
      0.0283585      0.0698683     -0.0352892      0.0220561      0.0538106      0.0214006     0.00976287     -0.0242844       0.927974      0.0646611     -0.0303357      0.0870726     -0.0330112     0.00532818
      -0.143444     -0.0577938      0.0442655    -0.00910907      0.0113234         0.1244      0.0601466       0.212951      0.0646611        1.07606       0.049021     -0.0322759      -0.177868      0.0194935
     -0.0707097      -0.260942     -0.0970212   -0.000687684      -0.129159      -0.120042      -0.076585       0.103092     -0.0303357       0.049021       0.951642      0.0116913      0.0180549     0.00611477
      0.0436289      0.0517601     -0.0459627    -0.00176663      0.0840025      0.0389864      0.0576573     -0.0516622      0.0870726     -0.0322759      0.0116913        2.29974       -1.35536      -0.560698
       0.150372      -0.150782      0.0382065     -0.0520007     -0.0652273      0.0832431      0.0464818      0.0894583     -0.0330112      -0.177868      0.0180549       -1.35536        2.30109       0.488103
      0.0283347      -0.028508      0.0415246     -0.0125261      0.0220247    -0.00805548     -0.0136166      0.0222041     0.00532818      0.0194935     0.00611477      -0.560698       0.488103        1.26509

 LOG_DETERMINANT       -2.51496

*************************************************

 CLUSTER       1

 COUNT      4877

 LOG_PRIOR -0.521066

 MEAN_VECTOR 

     1    14

      -0.386386
       0.429094
       0.399754
      -0.268547
      -0.639517
      -0.461936
       -0.55683
      -0.105303
       0.027966
      0.0303009
      -0.286625
       -0.35166
      -0.296527
     -0.0651029

 INVERSE_COVARIANCE_MATRIX 

     1    14     1    14

        13.4081       -1.21631       0.403522       -1.83751       -2.13073      -0.257539       -1.88034       0.849452     -0.0846718      -0.148165      -0.485483      0.0107698       0.112024     -0.0625337
       -1.21631         2.2385     -0.0354029         1.3395        1.47614      -0.483177        1.33737      -0.226258      0.0405349      0.0968001      -0.478051      0.0585097     -0.0111681     -0.0748551
       0.403522     -0.0354029        1.70324      -0.321245      -0.449668     0.00745876       0.740452        0.17279      -0.077599       0.142758      -0.152578     -0.0218733     -0.0124918      0.0519829
       -1.83751         1.3395      -0.321245        2.86821      -0.480949      0.0817533        2.06721      -0.463154      0.0491151     -0.0960915     -0.0766483      0.0568803     -0.0667912      0.0107398
       -2.13073        1.47614      -0.449668      -0.480949        9.06693       -2.34674      -0.628893      -0.235182     -0.0464615    -0.00302509      -0.142988      0.0216737     0.00964123     -0.0233841
      -0.257539      -0.483177     0.00745875      0.0817533       -2.34674        3.45972      -0.388624      -0.207457     0.00910826       0.195741      -0.293301      0.0140446       -0.12006      0.0157455
       -1.88034        1.33737       0.740452        2.06721      -0.628893      -0.388624        5.59504      -0.235385      0.0447571        0.14529     -0.0215151      0.0979023     -0.0653932      0.0943319
       0.849452      -0.226258        0.17279      -0.463154      -0.235182      -0.207457      -0.235385        1.41873     -0.0128931       0.362027       0.104687     -0.0295834      0.0782679     -0.0345029
     -0.0846718      0.0405349      -0.077599      0.0491151     -0.0464615     0.00910826      0.0447571     -0.0128931        1.10194      0.0133787     -0.0883782      0.0312049     -0.0529544      0.0303094
      -0.148165      0.0968001       0.142758     -0.0960915    -0.00302509       0.195741        0.14529       0.362027      0.0133787        1.22034     0.00806202      0.0228155      -0.153946     -0.0221808
      -0.485483      -0.478051      -0.152578     -0.0766483      -0.142988      -0.293301     -0.0215151       0.104687     -0.0883782     0.00806202        1.59091      0.0279037      0.0517035     -0.0372098
      0.0107699      0.0585098     -0.0218733      0.0568803      0.0216737      0.0140446      0.0979023     -0.0295834      0.0312049      0.0228155      0.0279037        1.90496        -1.0562      -0.496937
       0.112024     -0.0111681     -0.0124918     -0.0667912     0.00964123       -0.12006     -0.0653932       0.078268     -0.0529544      -0.153946      0.0517035        -1.0562          1.573       0.395322
     -0.0625337     -0.0748551      0.0519829      0.0107398     -0.0233841      0.0157455      0.0943319     -0.0345029      0.0303094     -0.0221808     -0.0372098      -0.496937       0.395322        1.35429

 LOG_DETERMINANT       -10.1334