

 DIM       6

 MAXCLUSTERS       2

 FEATURE_MEAN      1     6

      0.0117959
        200.099
        20.8396
       0.568012
        2.63578
       0.739822

 FEATURE_SIGMA      1     6

       0.023129
        63.0243
        10.3629
        4.36406
         2.5396
       0.108353

 FEATURE_MIN      1     6

          0.001
        97.5152
       -1.49881
       -14.2651
        1.00842
       0.456571

 FEATURE_MAX      1     6

       0.283285
        402.176
          61.44
        14.1239
        52.0734
          0.972

*************************************************

 CLUSTER       0

 COUNT      1681

 LOG_PRIOR  -0.89306

 MEAN_VECTOR 

     1     6

      -0.197625
       0.015784
       0.592241
      -0.789909
       0.308597
      -0.395063

 INVERSE_COVARIANCE_MATRIX 

     1     6     1     6

         4.8212       0.179673     -0.0249436       0.444893       0.165683      -0.389178
       0.179673       0.978483      0.0504872       0.399427      0.0397825      -0.188495
     -0.0249436      0.0504872        1.31581      -0.200362       0.159506      -0.164501
       0.444893       0.399427      -0.200362        1.86993     -0.0553469      0.0654141
       0.165683      0.0397825       0.159506     -0.0553469       0.491137      -0.108056
      -0.389178      -0.188495      -0.164501      0.0654141      -0.108056        1.22866

 LOG_DETERMINANT       -1.66103

*************************************************

 CLUSTER       1

 COUNT      2425

 LOG_PRIOR -0.526618

 MEAN_VECTOR 

     1     6

      0.0869631
     -0.0270093
      -0.483224
       0.472487
      -0.125871
       0.165056

 INVERSE_COVARIANCE_MATRIX 

     1     6     1     6

       0.785647      -0.010866       0.168035       0.176545       0.183061      -0.143363
      -0.010866        1.16762       0.265629     -0.0403507     0.00575575      -0.355038
       0.168035       0.265629        1.94801      -0.434121       0.400958      -0.669645
       0.176545     -0.0403507      -0.434121        1.77456       0.013258       0.124981
       0.183061     0.00575575       0.400958       0.013258        3.81202       0.108967
      -0.143363      -0.355038      -0.669645       0.124981       0.108967        1.40359

 LOG_DETERMINANT       -2.39756