

 DIM      14

 MAXCLUSTERS       2

 FEATURE_MEAN      1    14

       0.025968
        32.1743
        140.172
         33.796
        4.43957
        4.14336
        5.31459
         84.593
        2.18619
       0.784162
        28.2714
       0.288825
       0.345986
       0.288171

 FEATURE_SIGMA      1    14

      0.0244591
        14.6057
         14.336
        14.6817
        3.11317
         2.6664
        3.48816
        65.0415
       0.863363
       0.104348
        13.9448
       0.162484
       0.209213
       0.224343

 FEATURE_MIN      1    14

      0.0100122
        1.99176
        101.318
        10.6952
       0.182224
           0.24
       0.222286
              6
              1
       0.483896
        10.0031
        -0.3354
      -0.569211
      -0.538898

 FEATURE_MAX      1    14

       0.344567
        83.8382
         160.55
        89.3505
        25.3593
        25.9139
        22.5605
            349
        4.99999
              1
        84.9433
       0.799246
       0.861724
       0.881229

*************************************************

 CLUSTER       0

 COUNT       330

 LOG_PRIOR  -1.14596

 MEAN_VECTOR 

     1    14

        3.15048
      -0.450252
      -0.921941
           1.27
        1.15471
       0.483219
       0.326725
      -0.600021
      -0.864554
        0.72588
       0.241178
       0.954249
       0.426035
       0.637134

 INVERSE_COVARIANCE_MATRIX 

     1    14     1    14

       0.804822      -0.915797       0.471382      -0.686413     -0.0752361     -0.0790243      -0.235795       0.708072      -0.209184      -0.212981      -0.014152       0.120666     -0.0640635     -0.0512753
      -0.915797        7.64065      -0.677396        2.50696       0.277064       -1.84891        1.28947       -1.84701       0.391966       0.113403       -1.07318      -0.592308       0.111026       0.020464
       0.471382      -0.677396        5.19998       -2.81664        1.19147      -0.879047       0.148679      0.0307112     -0.0955591      -0.257862      -0.120864       0.236291        0.10117      0.0278823
      -0.686413        2.50696       -2.81664        5.01072      -0.635599       0.517508        1.46086      -0.724262       0.506729       0.175941       0.136639      -0.170541      0.0708135      -0.074393
     -0.0752361       0.277064        1.19147      -0.635599        3.44167      -0.216062       -1.12417      -0.718562       0.394786      0.0624226      -0.584991      -0.354641      0.0945164       0.201966
     -0.0790243       -1.84891      -0.879047       0.517508      -0.216062        2.36007     0.00559909      -0.938416      -0.492244       0.241402       0.355295       0.408512      -0.029226      -0.133473
      -0.235795        1.28947       0.148679        1.46086       -1.12417     0.00559923        3.27629      -0.364613       0.141267       0.553267      -0.409885       0.173704       0.106997      0.0634766
       0.708072       -1.84701      0.0307112      -0.724262      -0.718562      -0.938416      -0.364613        7.38242        1.29167       0.234226      -0.562763       0.171869      -0.160815      -0.172823
      -0.209184       0.391966     -0.0955591       0.506729       0.394786      -0.492244       0.141267        1.29167        7.44743       0.957981      -0.404418         1.2561      -0.685896      -0.412453
      -0.212981       0.113403      -0.257862       0.175941      0.0624226       0.241402       0.553267       0.234226       0.957981        2.30609       0.127044       0.344637      -0.422708      0.0380418
      -0.014152       -1.07318      -0.120864       0.136639       -0.58499       0.355295      -0.409886      -0.562763      -0.404418       0.127044        2.46012       -0.83033        0.26766       0.408886
       0.120666      -0.592308       0.236291      -0.170541      -0.354641       0.408511       0.173704       0.171869         1.2561       0.344637       -0.83033        5.39191       -3.04631       -2.22582
     -0.0640635       0.111026        0.10117      0.0708135      0.0945164     -0.0292259       0.106997      -0.160815      -0.685896      -0.422708        0.26766       -3.04631        3.15852        1.25132
     -0.0512753       0.020464      0.0278823     -0.0743931       0.201966      -0.133473      0.0634766      -0.172823      -0.412453      0.0380417       0.408886       -2.22582        1.25132        1.70519

 LOG_DETERMINANT       -12.9462

*************************************************

 CLUSTER       1

 COUNT       708

 LOG_PRIOR -0.382607

 MEAN_VECTOR 

     1    14

       0.587462
      -0.871652
      -0.932544
       0.854061
        1.08163
      0.0995153
        0.52771
      -0.151377
      -0.758492
       0.339351
     -0.0176163
        1.04857
       0.425563
       0.894461

 INVERSE_COVARIANCE_MATRIX 

     1    14     1    14

        3.04164        -1.2022       0.635329       -1.27822     -0.0371916      -0.183118      -0.349487       0.683032       0.207405      -0.229997     -0.0958826     -0.0905033      0.0227573       -0.10247
        -1.2022        8.92162      -0.343721        1.76115        1.49985       -2.75402        1.19492      -0.673226        0.46193      -0.104935      -0.893854       0.543598      -0.447512      -0.365737
        0.63533      -0.343721        2.77401       -1.82268       0.424683      -0.541198     -0.0883611      -0.167817      -0.337839      0.0149538     -0.0754636       0.498899       -0.39782     -0.0958368
       -1.27822        1.76115       -1.82268        4.02173      -0.788756        0.86373        1.13481      -0.156657       0.505744     -0.0889972      0.0596358     -0.0665833       0.149058     -0.0072204
     -0.0371915        1.49985       0.424683      -0.788756        2.66221       -1.20867      -0.752565      -0.264786      0.0253022       0.274837      -0.383604      0.0258146     -0.0664466     -0.0701856
      -0.183118       -2.75402      -0.541198        0.86373       -1.20867         3.0021      0.0893224      -0.386467      -0.213543     -0.0490495        0.20694      0.0152503        0.25518      0.0150683
      -0.349487        1.19492     -0.0883612        1.13481      -0.752565      0.0893223        2.23955     -0.0667648       0.306063       0.276999      -0.402633      0.0230283     -0.0217017      0.0745954
       0.683031      -0.673226      -0.167817      -0.156657      -0.264786      -0.386467     -0.0667648        1.69977      0.0491506       -0.14285    -0.00161956      -0.403956       0.286288       0.173141
       0.207406        0.46193      -0.337839       0.505744      0.0253022      -0.213543       0.306063      0.0491506        3.57335         0.5619      -0.125003       0.689454      -0.366486      0.0610608
      -0.229997      -0.104935      0.0149538     -0.0889972       0.274837     -0.0490495       0.276999       -0.14285         0.5619        1.82461       0.136524      0.0555984       -0.25165       0.125112
     -0.0958826      -0.893854     -0.0754636      0.0596358      -0.383604        0.20694      -0.402633    -0.00161958      -0.125003       0.136524        1.86964      -0.196864      -0.140777       0.119105
     -0.0905033       0.543598       0.498899     -0.0665834      0.0258146      0.0152503      0.0230284      -0.403956       0.689454      0.0555984      -0.196864        4.68194        -2.6842       -2.08638
      0.0227573      -0.447512       -0.39782       0.149058     -0.0664466        0.25518     -0.0217018       0.286288      -0.366486       -0.25165      -0.140777        -2.6842        3.08707        1.30433
       -0.10247      -0.365737     -0.0958369    -0.00722034     -0.0701857      0.0150683      0.0745954       0.173141      0.0610607       0.125112       0.119105       -2.08638        1.30433        1.79711

 LOG_DETERMINANT       -10.6424