

 DIM      10

 MAXCLUSTERS       2

 FEATURE_MEAN      1    10

       0.025968
        32.1743
        140.172
         33.796
        4.43957
        4.14336
        5.31459
         84.593
        2.18619
       0.784162

 FEATURE_SIGMA      1    10

      0.0244591
        14.6057
         14.336
        14.6817
        3.11317
         2.6664
        3.48816
        65.0415
       0.863363
       0.104348

 FEATURE_MIN      1    10

      0.0100122
        1.99176
        101.318
        10.6952
       0.182224
           0.24
       0.222286
              6
              1
       0.483896

 FEATURE_MAX      1    10

       0.344567
        83.8382
         160.55
        89.3505
        25.3593
        25.9139
        22.5605
            349
        4.99999
              1

*************************************************

 CLUSTER       0

 COUNT       327

 LOG_PRIOR  -1.15509

 MEAN_VECTOR 

     1    10

        3.16979
      -0.436804
       -0.94238
        1.26055
        1.16266
       0.504594
       0.334768
      -0.592936
      -0.867571
       0.699994

 INVERSE_COVARIANCE_MATRIX 

     1    10     1    10

       0.799884      -0.883086       0.387769      -0.637075     -0.0690334     -0.0586432      -0.234014       0.687978      -0.299704      -0.239831
      -0.883086        6.91034      -0.536086        2.48466      -0.116457        -1.5434        1.15504       -2.17755       0.534824       0.136498
       0.387769      -0.536086        4.89972       -2.66278         1.1281      -0.930162      0.0861979      0.0371275      -0.240533      -0.255163
      -0.637075        2.48466       -2.66278        4.89487       -0.56751       0.490985        1.41755      -0.605213       0.700995       0.153184
     -0.0690334      -0.116457         1.1281      -0.567511        3.23689      -0.031353       -1.23269      -0.778554       0.399127      0.0666068
     -0.0586432        -1.5434      -0.930162       0.490985     -0.0313529        2.22859      0.0255912      -0.779941      -0.572138       0.214744
      -0.234014        1.15504      0.0861979        1.41755       -1.23269      0.0255912        3.13773      -0.439018      0.0426051       0.561742
       0.687978       -2.17755      0.0371275      -0.605213      -0.778553      -0.779941      -0.439018        7.11274        1.17154       0.277766
      -0.299704       0.534824      -0.240533       0.700995       0.399127      -0.572138      0.0426051        1.17154         7.3781        0.87205
      -0.239831       0.136498      -0.255163       0.153184      0.0666069       0.214744       0.561742       0.277766        0.87205        2.19767

 LOG_DETERMINANT       -10.3441

*************************************************

 CLUSTER       1

 COUNT       711

 LOG_PRIOR -0.378379

 MEAN_VECTOR 

     1    10

       0.589392
      -0.876059
      -0.923099
       0.860159
        1.07828
      0.0913036
       0.523163
      -0.156529
      -0.757552
       0.352888

 INVERSE_COVARIANCE_MATRIX 

     1    10     1    10

        3.02879       -1.21057        0.61316       -1.25321     -0.0847891      -0.142249      -0.357382       0.692888       0.260442      -0.275694
       -1.21057        8.42393      -0.463296        1.80622        1.31177       -2.63716        1.00829      -0.614812       0.377152     -0.0233705
        0.61316      -0.463295        2.71399       -1.81309       0.406637      -0.505199      -0.124375      -0.118576      -0.470227     -0.0381497
       -1.25321        1.80621       -1.81309        4.00989      -0.766174       0.833016        1.17735      -0.173533       0.524662     -0.0462753
     -0.0847891        1.31177       0.406637      -0.766174         2.5709       -1.15303       -0.83463       -0.26578      0.0289651       0.304949
      -0.142248       -2.63716      -0.505198       0.833015       -1.15303        2.93497       0.145152      -0.400869       -0.21191     -0.0310634
      -0.357382        1.00829      -0.124375        1.17735       -0.83463       0.145152        2.14636     -0.0648719       0.240985       0.287962
       0.692888      -0.614812      -0.118576      -0.173533       -0.26578      -0.400869     -0.0648719        1.67191       0.117533      -0.130376
       0.260442       0.377152      -0.470227       0.524662      0.0289651       -0.21191       0.240985       0.117533        3.28751       0.489615
      -0.275694     -0.0233704     -0.0381497     -0.0462753       0.304949     -0.0310634       0.287962      -0.130376       0.489615        1.74994

 LOG_DETERMINANT       -8.22098