

 DIM       6

 MAXCLUSTERS       2

 FEATURE_MEAN      1     6

      0.0117959
        200.099
        20.8396
       0.568012
        2.63578
       0.739822

 FEATURE_SIGMA      1     6

       0.023129
        63.0243
        10.3629
        4.36406
         2.5396
       0.108353

 FEATURE_MIN      1     6

          0.001
        97.5152
       -1.49881
       -14.2651
        1.00842
       0.456571

 FEATURE_MAX      1     6

       0.283285
        402.176
          61.44
        14.1239
        52.0734
          0.972

*************************************************

 CLUSTER       0

 COUNT       211

 LOG_PRIOR -0.900046

 MEAN_VECTOR 

     1     6

     -0.0857486
      0.0803862
       0.857987
      -0.343721
      -0.399062
      0.0458802

 INVERSE_COVARIANCE_MATRIX 

     1     6     1     6

        6.16697       0.139272        0.35633       0.504318       0.812799      -0.332047
       0.139272        1.46381      -0.136161       0.780901       0.278265      -0.143482
        0.35633      -0.136161          1.307      0.0198437      -0.184033      -0.180151
       0.504318       0.780901      0.0198437        3.12651       -1.45952    -0.00233945
       0.812799       0.278265      -0.184033       -1.45952        35.3991         0.4602
      -0.332047      -0.143482      -0.180151    -0.00233945         0.4602        1.35618

 LOG_DETERMINANT       -7.20857

*************************************************

 CLUSTER       1

 COUNT       308

 LOG_PRIOR -0.521804

 MEAN_VECTOR 

     1     6

       0.452646
      0.0714388
     -0.0154976
       0.826564
      -0.419848
       0.825193

 INVERSE_COVARIANCE_MATRIX 

     1     6     1     6

       0.454742   -0.000956623       0.251349      0.0495032       0.537728      -0.213216
   -0.000956623        1.51099      0.0767637     -0.0103039       0.446392      -0.247376
       0.251349      0.0767637         3.2102      0.0151452    -0.00510736       -1.21136
      0.0495032     -0.0103039      0.0151452        1.88019       0.233905       0.511908
       0.537728       0.446392     -0.0051074       0.233905        45.3998        1.14454
      -0.213216      -0.247376       -1.21136       0.511908        1.14454        2.32518

 LOG_DETERMINANT       -5.65125