coeff_0_0: 1.11882
coeff_0_1: -0.10130
coeff_0_2: -0.01161
coeff_0_3: -82.60334
coeff_1_0: -0.20096
coeff_1_1: 1.10082
coeff_1_2: 0.11698
coeff_1_3: -586.90975
coeff_2_0: -0.11657
coeff_2_1: 0.04834
coeff_2_2: 1.08274
coeff_2_3: -707.78706


