

 DIM      10

 MAXCLUSTERS       2

 FEATURE_MEAN      1    10

      0.0268893
        35.7419
        145.047
        29.3181
        4.31297
        2.92361
         5.7972
        60.5968
        2.19352
       0.782898

 FEATURE_SIGMA      1    10

      0.0221894
        18.2669
        13.0417
        12.6359
         2.8578
        2.00521
        3.71942
        60.0508
       0.874137
       0.111565

 FEATURE_MIN      1    10

      0.0153333
        5.66667
        98.7188
        10.8833
       0.222934
       0.205408
       0.348271
              6
              1
       0.454997

 FEATURE_MAX      1    10

       0.310333
        93.6611
        161.945
        84.1364
        26.2921
        22.0071
        23.3394
            349
        4.99938
              1

*************************************************

 CLUSTER       0

 COUNT      2681

 LOG_PRIOR  -0.51254

 MEAN_VECTOR 

     1    10

      -0.253897
       0.548046
     -0.0150669
      -0.473692
      -0.638233
      -0.349197
      -0.372876
      -0.232856
    -0.00695313
       0.102491

 INVERSE_COVARIANCE_MATRIX 

     1    10     1    10

        10.5895       -1.14527        1.13743       -1.22119       -2.67374      -0.558101       -1.20767       0.583498      0.0689185       -0.40645
       -1.14526        2.30844      0.0972455        1.13411         2.0591      -0.271733        1.25944      -0.271113       0.185112       0.245361
        1.13743      0.0972456        1.25895      -0.163758         -1.291     -0.0694458       0.750339       0.135974     -0.0514427     -0.0711945
       -1.22119        1.13411      -0.163758        4.08631      -0.239654      0.0717558        2.10442      -0.299697       0.194243      0.0628606
       -2.67374         2.0591         -1.291      -0.239654        10.8511       -1.89043      -0.792895      -0.321297    -0.00689895      -0.203555
      -0.558101      -0.271733     -0.0694456      0.0717559       -1.89043        2.96659      -0.145197      -0.263063     -0.0305537       0.252005
       -1.20767        1.25944       0.750339        2.10442      -0.792894      -0.145197        4.04024     -0.0889875       0.119201       0.029477
       0.583498      -0.271113       0.135974      -0.299697      -0.321297      -0.263063     -0.0889875        1.96905      0.0119604       0.605506
      0.0689185       0.185112     -0.0514427       0.194243    -0.00689893     -0.0305537       0.119201      0.0119604        1.14687      0.0755168
       -0.40645       0.245361     -0.0711945      0.0628607      -0.203555       0.252005      0.0294771       0.605506      0.0755168        1.36924

 LOG_DETERMINANT       -8.81068

*************************************************

 CLUSTER       1

 COUNT      1795

 LOG_PRIOR -0.913725

 MEAN_VECTOR 

     1    10

       0.230715
      -0.746776
      0.0766393
       0.507381
       0.861441
        0.42099
       0.585441
       0.331871
       0.143949
      -0.257373

 INVERSE_COVARIANCE_MATRIX 

     1    10     1    10

        1.06029       -0.76926       0.348119      -0.602685     -0.0946622      -0.416467      -0.154062       0.207075       0.034699      -0.107646
       -0.76926        6.73754       0.679234        1.53953       0.774375      -0.832213        1.22799      -0.483761       0.115989      -0.149798
       0.348119       0.679234        2.97763      0.0491962      -0.272999      -0.220003        1.26545       0.237741      -0.027878       0.364053
      -0.602685        1.53953      0.0491963        2.18781       -0.52109       0.182672        1.18467      -0.230101      0.0974968      -0.122723
     -0.0946622       0.774375      -0.272999       -0.52109        1.57401      -0.272549      -0.508272      0.0156539     0.00596242     -0.0988482
      -0.416467      -0.832213      -0.220003       0.182672      -0.272549        1.15182      0.0238756      -0.204831     0.00992277      0.0381799
      -0.154062        1.22799        1.26545        1.18467      -0.508272      0.0238756        1.97117      0.0258063      0.0902063       0.116409
       0.207075      -0.483761       0.237741      -0.230101      0.0156539      -0.204831      0.0258064       0.937874     -0.0389994       0.313154
       0.034699       0.115989     -0.0278779      0.0974968     0.00596242     0.00992278      0.0902063     -0.0389994       0.925172      0.0384866
      -0.107646      -0.149798       0.364054      -0.122723     -0.0988482      0.0381799       0.116409       0.313154      0.0384866        1.24953

 LOG_DETERMINANT       -2.72405