

 DIM       6

 MAXCLUSTERS       2

 FEATURE_MEAN      1     6

      0.0144399
        204.172
        14.6954
       0.228053
        2.57589
        0.70274

 FEATURE_SIGMA      1     6

      0.0303427
         66.993
        10.8036
        4.89034
        2.22056
      0.0925443

 FEATURE_MIN      1     6

          0.001
        96.4003
       -7.30189
       -10.9881
        1.00365
       0.467732

 FEATURE_MAX      1     6

       0.292333
        452.294
        47.1552
        20.6533
        43.2105
       0.930596

*************************************************

 CLUSTER       0

 COUNT      1535

 LOG_PRIOR -0.377052

 MEAN_VECTOR 

     1     6

      0.0528654
       -0.44255
      -0.275266
      -0.443089
        0.12181
     -0.0690406

 INVERSE_COVARIANCE_MATRIX 

     1     6     1     6

       0.927792      0.0321474        0.10165      0.0291787      0.0993637      -0.233556
      0.0321474        1.97831       0.309548       0.392521     -0.0387651     -0.0965939
        0.10165       0.309548        1.84023        1.27567     -0.0549692       0.215847
      0.0291788       0.392521        1.27567        3.53975      0.0446666       0.288401
      0.0993637     -0.0387651     -0.0549692      0.0446666       0.750845     -0.0658982
      -0.233556     -0.0965939       0.215847       0.288401     -0.0658982        1.09262

 LOG_DETERMINANT       -1.82876

*************************************************

 CLUSTER       1

 COUNT       703

 LOG_PRIOR  -1.15798

 MEAN_VECTOR 

     1     6

      -0.233167
       0.950724
       0.509311
       0.924327
      -0.184712
      0.0807516

 INVERSE_COVARIANCE_MATRIX 

     1     6     1     6

        6.48396        0.21543       0.468328       0.148818       0.516886      -0.559414
        0.21543        1.26743      0.0345925       0.034667      -0.101014     -0.0366135
       0.468328      0.0345925       0.937555       0.251069       0.145346     -0.0359247
       0.148818       0.034667       0.251069       0.936996     -0.0282172     0.00944263
       0.516886      -0.101014       0.145346     -0.0282172        3.85837       0.214497
      -0.559414     -0.0366135     -0.0359247     0.00944263       0.214497        1.20155

 LOG_DETERMINANT       -3.31716