

 DIM      21

 MAXCLUSTERS       2

 FEATURE_MEAN      1    21

      0.0268893
        35.7419
        145.047
        29.3181
        4.31297
        2.92361
         5.7972
        60.5968
        2.19352
       0.782898
        16.6234
       0.229207
       0.316893
       0.227491
       0.560215
      0.0862478
       0.369523
        1.05886
        1.05872
        1.12708
        11.7432

 FEATURE_SIGMA      1    21

      0.0201967
        17.6976
        12.3587
        12.3377
        2.69741
        1.78368
        3.39198
        52.5379
       0.673502
      0.0916193
        5.81894
       0.115508
       0.161007
       0.140835
       0.404737
      0.0609683
       0.196179
       0.517273
       0.497216
       0.399565
        14.5245

 FEATURE_MIN      1    21

      0.0153333
        5.78533
        99.1115
        12.7495
       0.264655
        0.42324
        0.88492
              6
        1.04502
       0.480523
        5.21476
       -0.11242
      -0.383988
      -0.298616
              0
    0.000350761
     0.00623949
       0.400993
       0.400096
       0.454522
        -34.988

 FEATURE_MAX      1    21

          0.252
        91.8166
        161.375
        83.6955
        20.2189
        16.6301
         19.828
          316.5
        4.85482
              1
        29.5541
       0.623215
       0.815529
       0.633756
        1.49714
       0.249835
       0.995438
        3.38376
        3.42826
         2.4783
        34.9902

*************************************************

 CLUSTER       0

 COUNT      1370

 LOG_PRIOR -0.490772

 MEAN_VECTOR 

     1    21

      -0.264179
       0.428126
     -0.0140396
      -0.412792
      -0.585161
      -0.437953
      -0.314733
      -0.346474
     -0.0257438
        0.13647
      -0.301705
     -0.0912679
      -0.146656
       0.130342
     -0.0324359
     -0.0513553
       0.139786
      -0.373656
      -0.376652
      0.0182136
      0.0506523

 INVERSE_COVARIANCE_MATRIX 

     1    21     1    21

        8.22242      -0.985413        0.99566       -1.53859       -1.32506      -0.676447       -1.01931     -0.0833373       0.192392      -0.436949      -0.381849      -0.293537       0.177913      0.0706438       0.110339       0.030961       0.157415      0.0726593       0.289243       0.613862      0.0925367
      -0.985413        2.80975       0.151614         1.4932        2.10309      -0.158176        1.52829       0.280654       0.341441       0.251188       -0.14394     -0.0361986       0.130593      -0.123411      0.0925325      0.0490903      0.0528154      -0.429575      -0.409609        -0.3894      -0.037689
        0.99566       0.151614        1.29042     -0.0663091       -1.11192     -0.0879686       0.824637       0.219878      -0.050653     -0.0924413     -0.0824963     -0.0154921     -0.0237148     0.00683035     -0.0472026      0.0416393       0.045907     -0.0718555      0.0117376     -0.0434792     -0.0102092
       -1.53859         1.4932     -0.0663092         4.0924       -1.05962       0.274284        2.34362       0.409059       0.292427       0.132923       0.137435    -0.00415451       0.111886      0.0130778     0.00231567      0.0792599    -0.00745748       -0.31591      -0.547586      -0.622667      0.0052114
       -1.32506        2.10309       -1.11192       -1.05962        9.40468       -1.64897       -1.40667       0.311235       0.140418      -0.064633     -0.0350346     0.00794051     -0.0748697      0.0122003       0.280231      -0.441586       0.229138      -0.279934      -0.294136      -0.411256     -0.0526985
      -0.676447      -0.158176     -0.0879687       0.274284       -1.64897        4.63461       0.113387       0.169994      0.0900635       0.203807       -1.16054       0.124156      -0.241817      -0.039295      0.0298959      0.0304893      -0.067211      -0.543473      -0.436034      -0.058386      0.0173003
       -1.01931        1.52829       0.824637        2.34362       -1.40667       0.113387        3.91946       0.665008       0.196526       0.120297      -0.047508       0.053299     -0.0956099       0.123711      0.0573857    -0.00145098      0.0378925       -0.36543      -0.450428      -0.602925      0.0494683
     -0.0833379       0.280654       0.219878        0.40906       0.311235       0.169995       0.665008        13.4383       0.163164      -0.358071      -0.117684       0.149227       0.107728       0.011408      -0.252304       0.240373     -0.0164575       -6.32239       -6.37608        -7.5566    -0.00910663
       0.192392       0.341441      -0.050653       0.292427       0.140418      0.0900635       0.196526       0.163164        1.36253      0.0945423      -0.216853       0.147026     -0.0785347     -0.0792586     0.00573029     -0.0136777       0.030498     -0.0404499     -0.0913263     -0.0299142      0.0146142
      -0.436949       0.251188     -0.0924413       0.132923      -0.064633       0.203807       0.120297      -0.358071      0.0945423        1.67677     -0.0872565      0.0492929      -0.275491     -0.0541281     -0.0687201    -0.00243939      0.0230033       0.812819       0.766148        0.82161     0.00509068
      -0.381849       -0.14394     -0.0824963       0.137435     -0.0350346       -1.16054      -0.047508      -0.117684      -0.216853     -0.0872565        1.61128     -0.0088174    -0.00868202      0.0165892     -0.0453057     -0.0748452      -0.038498       0.253253       0.246798      0.0796837      0.0246253
      -0.293537     -0.0361987     -0.0154921    -0.00415456     0.00794048       0.124156       0.053299       0.149227       0.147026      0.0492928     -0.0088174        2.35567       -1.55085      -0.892767     -0.0412187      0.0114389      0.0500511       -0.11513      -0.100244      -0.232039     -0.0536145
       0.177913       0.130593     -0.0237148       0.111886     -0.0748697      -0.241817     -0.0956098       0.107728     -0.0785347      -0.275491    -0.00868203       -1.55085        2.10446       0.741695      0.0339514      0.0210095     0.00400881     -0.0778268      -0.193856      0.0350797      0.0470061
      0.0706438      -0.123411     0.00683034      0.0130779      0.0122003      -0.039295       0.123711       0.011408     -0.0792586     -0.0541281      0.0165892      -0.892767       0.741695        1.57278      0.0794745     -0.0555974      0.0573408      -0.147835     -0.0012809      0.0305928      0.0602926
       0.110338      0.0925324     -0.0472026     0.00231568       0.280231      0.0298959      0.0573857      -0.252304     0.00573029       -0.06872     -0.0453057     -0.0412187      0.0339514      0.0794744        1.19088     -0.0550877      -0.150478      -0.117806      -0.169273     -0.0194761     -0.0441672
       0.030961      0.0490903      0.0416393      0.0792599      -0.441586      0.0304893    -0.00145099       0.240373     -0.0136777    -0.00243938     -0.0748452       0.011439      0.0210095     -0.0555974     -0.0550877        1.30729      -0.427766     -0.0556321      -0.160168      -0.287066     -0.0587125
       0.157415      0.0528154       0.045907    -0.00745749       0.229138      -0.067211      0.0378925     -0.0164575       0.030498      0.0230032      -0.038498      0.0500511     0.00400883      0.0573408      -0.150478      -0.427766        1.16432       0.163543       0.189146       0.149111     -0.0201935
      0.0726596      -0.429574     -0.0718554       -0.31591      -0.279933      -0.543473       -0.36543       -6.32239     -0.0404499       0.812819       0.253253       -0.11513     -0.0778268      -0.147835      -0.117806     -0.0556321       0.163543         6.2681        2.20531        4.15572    -0.00736584
       0.289243      -0.409609      0.0117377      -0.547586      -0.294136      -0.436034      -0.450427       -6.37608     -0.0913263       0.766148       0.246798      -0.100244      -0.193856    -0.00128086      -0.169273      -0.160168       0.189146        2.20531        6.33242        4.24914    -0.00362517
       0.613863        -0.3894     -0.0434791      -0.622667      -0.411256     -0.0583862      -0.602925        -7.5566     -0.0299142       0.821609      0.0796838      -0.232039      0.0350797      0.0305929     -0.0194761      -0.287066       0.149111        4.15572        4.24914        5.88078      0.0173194
      0.0925367      -0.037689     -0.0102092     0.00521139     -0.0526985      0.0173003      0.0494683    -0.00910663      0.0146142     0.00509068      0.0246253     -0.0536145      0.0470061      0.0602927     -0.0441672     -0.0587125     -0.0201935    -0.00736584    -0.00362517      0.0173194       0.955507

 LOG_DETERMINANT       -14.7107

*************************************************

 CLUSTER       1

 COUNT       868

 LOG_PRIOR -0.947146

 MEAN_VECTOR 

     1    21

       0.248263
       -0.59912
      0.0812285
       0.439601
       0.822997
       0.574338
       0.529089
       0.528037
       0.219876
       -0.34671
       0.343586
      -0.010273
        0.11827
      -0.256495
       0.178694
       0.185573
     -0.0939988
       0.531308
       0.531378
      0.0230246
     -0.0166999

 INVERSE_COVARIANCE_MATRIX 

     1    21     1    21

        1.23936      -0.712908       0.341738      -0.717277      -0.145961      -0.539645      -0.208143      0.0973539       0.069726      -0.167698      0.0675695      0.0185292       0.100369     -0.0536196      0.0317764      0.0533696      0.0595196      0.0288268       0.136269      0.0768112     -0.0576777
      -0.712908        6.25611       0.659175        1.96494       0.948702      -0.343505        1.57447       -0.36265       0.268712     -0.0914663      -0.752328       -0.20695        0.18081      -0.184209     -0.0602325      0.0302172     -0.0471653      -0.122401      -0.267251      0.0305318     -0.0846844
       0.341738       0.659175        3.19899       0.200459      -0.487996      -0.187498        1.52395       0.362937     -0.0407635       0.333996      0.0133093      0.0323075      0.0589344     -0.0176885      -0.143349       0.105876       0.046934     -0.0341202      0.0239919      -0.203597      -0.127885
      -0.717278        1.96494       0.200459        2.65145      -0.730975       0.255283        1.51303     -0.0327699       0.122052      -0.143956      -0.108778      -0.028453      0.0644296      0.0212845      0.0102435      0.0785703      -0.140825     -0.0946547      -0.252541      -0.196547     -0.0392485
      -0.145961       0.948702      -0.487996      -0.730975        2.06206      -0.262336      -0.769652      0.0600838      0.0242296      -0.164209     -0.0503299      0.0135168    -0.00540218      0.0436674       0.129052     -0.0344397      0.0603542      0.0197849      0.0284743     -0.0240195     -0.0178545
      -0.539645      -0.343505      -0.187498       0.255282      -0.262336        1.35086      0.0487601      -0.220858      0.0599384       0.038014      -0.446948      0.0560042       0.058722      -0.105017      0.0185477      0.0312053     -0.0868101      -0.031576     -0.0363322      0.0829837      0.0516649
      -0.208143        1.57447        1.52395        1.51303      -0.769652      0.0487601        2.43862       0.174743       0.125476       0.119328     -0.0179716     -0.0340357        0.15552      0.0471348     -0.0207527     -0.0154856     0.00830766     -0.0349583     -0.0572565      -0.178777     -0.0679326
      0.0973538       -0.36265       0.362937     -0.0327698      0.0600839      -0.220858       0.174743        3.40964     -0.0431527       -0.09486         0.1382       0.038573     -0.0723395      0.0727358     -0.0964256       0.105993    -0.00977138       -1.70398       -1.65243       -3.05388      -0.117077
       0.069726       0.268712     -0.0407634       0.122052      0.0242295      0.0599384       0.125476     -0.0431526       0.955822     -0.0342586      -0.184255       0.143287     -0.0561902     -0.0153504     -0.0110742      0.0395544     -0.0322458     -0.0561382    -0.00688159     -0.0103739     -0.0367991
      -0.167698     -0.0914663       0.333996      -0.143956      -0.164209       0.038014       0.119328     -0.0948601     -0.0342586        1.55025     -0.0974203     -0.0859289      -0.199815     -0.0356119      -0.126425     -0.0446866       0.116727       0.292041       0.304902        0.57145     -0.0467369
      0.0675695      -0.752328      0.0133093      -0.108778     -0.0503299      -0.446948     -0.0179717         0.1382      -0.184255     -0.0974202        1.51404     -0.0982376     -0.0286974       0.163197      0.0199351     -0.0603258     -0.0136951      0.0485153      0.0920832     -0.0325025      0.0503522
      0.0185292       -0.20695      0.0323075      -0.028453      0.0135168      0.0560042     -0.0340357       0.038573       0.143287     -0.0859289     -0.0982375        2.44685       -1.65638      -0.828816      0.0443361     -0.0124879     -0.0879797      0.0307978     -0.0340791      -0.264817     -0.0634486
       0.100369        0.18081      0.0589344      0.0644296    -0.00540218       0.058722        0.15552     -0.0723395     -0.0561902      -0.199815     -0.0286975       -1.65638        2.44667       0.631617      0.0966141     -0.0176075       0.104542       -0.00137       0.109345       0.128341     0.00256863
     -0.0536196      -0.184209     -0.0176885      0.0212845      0.0436674      -0.105017      0.0471347      0.0727358     -0.0153504     -0.0356119       0.163197      -0.828816       0.631617        1.36847      0.0696922      0.0685906     -0.0449097     -0.0780983     -0.0227471     -0.0016809      0.0397891
      0.0317765     -0.0602325      -0.143349      0.0102435       0.129052      0.0185477     -0.0207527     -0.0964256     -0.0110742      -0.126425      0.0199351      0.0443362      0.0966141      0.0696921        1.03298      -0.114574      -0.160571       0.101196      0.0456462       0.092106     -0.0262025
      0.0533696      0.0302172       0.105876      0.0785703     -0.0344397      0.0312053     -0.0154856       0.105993      0.0395544     -0.0446866     -0.0603258     -0.0124879     -0.0176075      0.0685906      -0.114574        1.12852      -0.432161     -0.0764482    -0.00615118     -0.0232133     -0.0221907
      0.0595196     -0.0471653       0.046934      -0.140825      0.0603542     -0.0868101     0.00830765    -0.00977137     -0.0322458       0.116727     -0.0136951     -0.0879796       0.104542     -0.0449097      -0.160571      -0.432161        1.42696       0.049681      0.0806658      0.0281062       -0.11324
      0.0288268      -0.122401     -0.0341203     -0.0946547      0.0197848     -0.0315759     -0.0349583       -1.70398     -0.0561382       0.292041      0.0485153      0.0307977    -0.00136997     -0.0780983       0.101196     -0.0764482       0.049681        2.04891       0.491284        1.95481     0.00183411
       0.136269      -0.267251      0.0239919      -0.252541      0.0284743     -0.0363322     -0.0572565       -1.65243    -0.00688156       0.304902      0.0920831     -0.0340791       0.109345     -0.0227471      0.0456462    -0.00615118      0.0806658       0.491284        2.04095        1.93436      0.0399959
      0.0768112      0.0305316      -0.203597      -0.196547     -0.0240196      0.0829838      -0.178777       -3.05388     -0.0103738        0.57145     -0.0325025      -0.264817       0.128341    -0.00168092      0.0921061     -0.0232133      0.0281062        1.95481        1.93436        4.08777      0.0442977
     -0.0576776     -0.0846845      -0.127885     -0.0392485     -0.0178545      0.0516649     -0.0679326      -0.117077     -0.0367991     -0.0467369      0.0503522     -0.0634486     0.00256864      0.0397891     -0.0262025     -0.0221907       -0.11324     0.00183412      0.0399959      0.0442977        1.05841

 LOG_DETERMINANT        -6.4579