

 DIM      14

 MAXCLUSTERS       2

 FEATURE_MEAN      1    14

      0.0268893
        35.7419
        145.047
        29.3181
        4.31297
        2.92361
         5.7972
        60.5968
        2.19352
       0.782898
        16.6234
       0.229207
       0.316893
       0.227491

 FEATURE_SIGMA      1    14

      0.0221894
        18.2669
        13.0417
        12.6359
         2.8578
        2.00521
        3.71942
        60.0508
       0.874137
       0.111565
        6.74143
       0.146859
       0.202553
       0.185701

 FEATURE_MIN      1    14

      0.0153333
        5.66667
        98.7188
        10.8833
       0.222934
       0.205408
       0.348271
              6
              1
       0.454997
        5.00103
      -0.250434
      -0.443898
      -0.435892

 FEATURE_MAX      1    14

       0.310333
        93.6611
        161.945
        84.1364
        26.2921
        22.0071
        23.3394
            349
        4.99938
              1
        29.9955
       0.681698
       0.825648
       0.705069

*************************************************

 CLUSTER       0

 COUNT       202

 LOG_PRIOR -0.197064

 MEAN_VECTOR 

     1    14

       0.402631
      -0.591608
      -0.391871
        1.34585
       0.642614
       0.533637
      -0.123675
       0.220313
      -0.965115
       0.604345
       0.829794
        0.95432
       0.705333
       0.311465

 INVERSE_COVARIANCE_MATRIX 

     1    14     1    14

        3.14163       -1.88055       0.537848      -0.862337      -0.253029      -0.149462       0.127823       0.826585       0.275782       0.282594      -0.246461       0.617332      -0.339672      -0.386822
       -1.88055        21.5743        2.60577        6.72635        0.78219       -5.07964        6.91445       -1.10562      -0.899466       -1.62857      -0.642246      0.0824328      0.0359854     -0.0921372
       0.537848        2.60577        7.57626       -1.97987        1.40043      -0.548017       0.722147      -0.453966       -2.01539        1.17115       -1.03393      -0.401822    0.000501113       0.546313
      -0.862336        6.72635       -1.97987        6.22202       -2.65261       -1.58737        3.55765      -0.360607       0.440456       -1.07041       0.136442       0.418334      -0.327842       -0.47666
      -0.253029        0.78219        1.40043       -2.65261        6.35535      -0.182433      -0.485794      -0.371104      -0.152995      -0.357377      -0.907704      -0.228994       0.530575         0.1893
      -0.149462       -5.07964      -0.548017       -1.58737      -0.182433        3.38469       -1.65469      -0.718374       0.408088        0.14153       0.197513       0.547412       0.426461      -0.124488
       0.127823        6.91445       0.722147        3.55765      -0.485794       -1.65469        6.21598      -0.571324       0.339358       0.548652      -0.874676       0.344274      -0.603359      -0.300741
       0.826585       -1.10561      -0.453966      -0.360607      -0.371104      -0.718374      -0.571324        1.94392       -0.49904      -0.207059     -0.0680503      -0.466651      0.0340508       0.143348
       0.275782      -0.899466       -2.01539       0.440456      -0.152995       0.408088       0.339358       -0.49904        6.50007         1.6067       0.026275        2.47822       -1.87533      -0.851787
       0.282594       -1.62857        1.17115       -1.07041      -0.357377        0.14153       0.548652      -0.207059         1.6067        4.05035      -0.144946       0.746455       -1.15262     -0.0290975
      -0.246461      -0.642247       -1.03393       0.136442      -0.907704       0.197513      -0.874676     -0.0680503       0.026275      -0.144946        2.58959      -0.555558       0.344664       0.315916
       0.617332      0.0824325      -0.401823       0.418334      -0.228994       0.547413       0.344274      -0.466651        2.47822       0.746456      -0.555558        5.76846        -3.5475       -2.27992
      -0.339672      0.0359858    0.000501096      -0.327842       0.530575       0.426461      -0.603359      0.0340509       -1.87533       -1.15262       0.344664        -3.5475        4.84708        1.21108
      -0.386822      -0.092137       0.546313       -0.47666         0.1893      -0.124488      -0.300741       0.143348      -0.851788     -0.0290975       0.315916       -2.27992        1.21108        1.79156

 LOG_DETERMINANT         -16.25

*************************************************

 CLUSTER       1

 COUNT        44

 LOG_PRIOR  -1.72114

 MEAN_VECTOR 

     1    14

        4.20984
      -0.212371
      -0.409439
        1.98545
       0.795656
        1.65284
      -0.595584
      -0.361913
       -1.01804
        1.48015
       0.706542
       0.407814
       0.312138
      0.0892867

 INVERSE_COVARIANCE_MATRIX 

     1    14     1    14

        1.19748       -1.88081      -0.115408        -2.5422      0.0320275      -0.588661      -0.431332        4.28288        2.06243       0.986473      -0.616705       0.495673      -0.219098     -0.0296959
       -1.88081        15.6328         5.1453        5.83305     -0.0351647       -1.23503        3.91695       -13.4823       -6.26423       -2.67004        3.00708      -0.898464        1.23475       0.606551
      -0.115407        5.14531         13.949        -3.5233        1.76946      -0.898623       -0.27522       -4.97468       -9.36927      -0.957582        1.56436      0.0112165      -0.391814      -0.236011
        -2.5422        5.83304        -3.5233        11.6383        -2.5196       0.994201        4.19985       -9.12932       -5.27469       -2.62846        1.07634       -1.84853        1.16273    -0.00610179
      0.0320256     -0.0351672        1.76946        -2.5196        11.9658       -1.02726       -4.78318        4.03056        5.31358        1.95356       0.707656         0.3671     -0.0509137      -0.041442
      -0.588662       -1.23503      -0.898621       0.994201       -1.02726        1.71882      -0.100063       -2.82862       -1.75636       -1.63513      -0.448908       0.703309      -0.415403      -0.474071
       -0.43133        3.91694      -0.275221        4.19985       -4.78318      -0.100064        6.92613       -4.42814       -4.56587      -0.263102     -0.0785622      -0.190544     -0.0585312      -0.689206
        4.28288       -13.4823       -4.97468       -9.12933        4.03056       -2.82861       -4.42814        28.4279        14.5173          8.253        -3.5649       0.804652      -0.310328        0.47337
        2.06243       -6.26424       -9.36928       -5.27469        5.31358       -1.75636       -4.56588        14.5173        40.7378         8.3738      -0.664031       0.201281      -0.127565        1.67908
        0.98647       -2.67006       -0.95759       -2.62845        1.95356       -1.63512      -0.263108          8.253         8.3738        10.9514       0.127048      -0.238383      -0.237671       0.908848
      -0.616706        3.00708        1.56436        1.07635       0.707656      -0.448909     -0.0785612        -3.5649       -0.66403        0.12705        3.01144        -1.5449       0.861134        0.77358
       0.495675      -0.898464      0.0112177       -1.84853       0.367101       0.703308      -0.190546       0.804657       0.201283      -0.238386        -1.5449        4.53494       -2.91195       -2.06789
      -0.219099        1.23476      -0.391815        1.16273      -0.050915      -0.415402     -0.0585294      -0.310329      -0.127566      -0.237668       0.861133       -2.91195        3.27176        1.56953
     -0.0296967        0.60655      -0.236013    -0.00609971     -0.0414428       -0.47407      -0.689205       0.473369        1.67908       0.908851        0.77358       -2.06789        1.56953        1.90113

 LOG_DETERMINANT       -18.2357