

 DIM      14

 MAXCLUSTERS       2

 FEATURE_MEAN      1    14

      0.0351625
        43.8393
         131.27
        22.7536
        2.78955
        2.35735
        4.84015
        58.6448
        2.38172
       0.798946
        15.4411
       0.323339
        0.44728
       0.234097

 FEATURE_SIGMA      1    14

      0.0274254
        6.90911
        12.4745
        5.22503
        1.54461
        1.42864
        2.35109
        55.4141
       0.972435
       0.108308
        5.90998
       0.176948
       0.207466
       0.228814

 FEATURE_MIN      1    14

      0.0153333
        16.9005
        88.5757
         12.848
        0.11501
       0.100152
       0.329063
              6
              1
       0.443349
        5.00584
      -0.291078
      -0.536215
      -0.577569

 FEATURE_MAX      1    14

          0.392
        69.2997
        151.866
        53.1516
        14.4779
        10.2001
        21.1267
            347
        4.99741
              1
        29.9863
       0.861661
       0.910424
       0.918195

*************************************************

 CLUSTER       0

 COUNT      6943

 LOG_PRIOR -0.436427

 MEAN_VECTOR 

     1    14

      -0.341385
       0.301394
       0.121811
      -0.424824
      -0.514388
      -0.467581
        -0.3746
      -0.206846
       0.104584
      0.0620581
      -0.382328
      -0.157535
     -0.0789417
     -0.0829113

 INVERSE_COVARIANCE_MATRIX 

     1    14     1    14

        7.38233      -0.852517       0.711169      -0.704767       -2.23169       0.267784      -0.845971       0.792106       -0.17658       -0.46549       -0.46332      -0.134256      0.0434231      -0.075885
      -0.852518         1.6091       0.228463      -0.248998       0.759253       0.152709       0.311609      -0.281136      0.0543305      0.0516581       0.152783     0.00759047      0.0557938     -0.0793515
       0.711169       0.228463        1.20733      -0.271154      -0.265371      -0.233201       0.276025       0.248209      -0.109579     -0.0177494     -0.0541588      0.0100744      0.0337341     -0.0239481
      -0.704767      -0.248998      -0.271154          3.045       -1.35749       -0.16271       0.686179      -0.548539      0.0102393      -0.269608       0.189217     0.00657891     0.00424865      -0.048352
       -2.23169       0.759254       -0.26537       -1.35749        6.24106      -0.737909      -0.667166       -0.48076        0.23533       0.196497      0.0675423       -0.04761     -0.0249206      0.0077876
       0.267784       0.152709      -0.233201       -0.16271      -0.737909        3.27477      -0.415576     -0.0946142     -0.0268351       0.294562      -0.688559     -0.0503984     -0.0129108      0.0790833
      -0.845971       0.311609       0.276025       0.686179      -0.667166      -0.415576        2.59279      -0.233677     -0.0152535      0.0757871      0.0174332      0.0159303     -0.0932778      0.0215633
       0.792106      -0.281136       0.248209      -0.548539       -0.48076     -0.0946142      -0.233677         1.9184      -0.114776       0.403567      0.0776015      -0.117584       0.072273      0.0336667
       -0.17658      0.0543305      -0.109579      0.0102393        0.23533     -0.0268351     -0.0152535      -0.114776        1.05298      0.0724245     -0.0572611      0.0224363      0.0628686      0.0255798
       -0.46549      0.0516582     -0.0177494      -0.269608       0.196497       0.294562      0.0757871       0.403567      0.0724245         1.2761     -0.0447145    -0.00544642      -0.133425        0.01891
       -0.46332       0.152783     -0.0541588       0.189217      0.0675423      -0.688559      0.0174332      0.0776015     -0.0572611     -0.0447145        1.58163      0.0638332       0.118562     -0.0807561
      -0.134256     0.00759049      0.0100744      0.0065789     -0.0476099     -0.0503984      0.0159304      -0.117584      0.0224363     -0.0054464      0.0638333        2.07303       -1.25364      -0.418554
      0.0434231      0.0557937      0.0337341     0.00424865     -0.0249206     -0.0129108     -0.0932778       0.072273      0.0628686      -0.133425       0.118562       -1.25364        1.83048        0.31776
      -0.075885     -0.0793515     -0.0239481      -0.048352     0.00778759      0.0790833      0.0215633      0.0336667      0.0255798        0.01891     -0.0807561      -0.418554        0.31776        1.18014

 LOG_DETERMINANT       -8.61373

*************************************************

 CLUSTER       1

 COUNT      3799

 LOG_PRIOR  -1.03942

 MEAN_VECTOR 

     1    14

       0.520615
      -0.517327
      -0.112175
       0.590488
       0.820818
        0.83902
       0.647683
       0.416279
      0.0065089
      -0.240993
       0.714494
     -0.0109041
     -0.0623584
     -0.0596323

 INVERSE_COVARIANCE_MATRIX 

     1    14     1    14

        1.17962      -0.431947        0.17773      -0.381923      -0.555938      0.0924166       -0.10459       0.335659     -0.0248943     -0.0775318     -0.0314532      0.0552188        0.10933     -0.0227977
      -0.431947        1.28696       0.132941       0.210322       0.127492      0.0173279       0.155776      -0.211291       0.125449     -0.0353965       0.140436      0.0303409      0.0709741     -0.0995121
        0.17773       0.132941        1.37565      0.0158665     -0.0133044      -0.185761       0.302943       0.151052     -0.0569238        0.18453      0.0055867      0.0573598      -0.045374      0.0124681
      -0.381923       0.210322      0.0158665        1.82963       -0.91189      0.0730483       0.377078      -0.261099     0.00394241      -0.183434      0.0778476     -0.0071623     -0.0443646      0.0140444
      -0.555938       0.127492     -0.0133044       -0.91189        1.84573      -0.209908      -0.257995      -0.105077        0.15284      0.0300229      0.0350487     -0.0251476    -0.00274653  -7.16265e-005
      0.0924166      0.0173279      -0.185761      0.0730483      -0.209908        1.03983      -0.025021      0.0477088    -0.00369503       0.205435      -0.179969     -0.0460326       0.106421      0.0858516
       -0.10459       0.155776       0.302943       0.377078      -0.257995      -0.025021       0.948898      0.0385743     0.00352269      0.0429368      0.0721736      0.0269703      -0.003425      0.0111983
       0.335659      -0.211291       0.151052      -0.261099      -0.105077      0.0477088      0.0385743       0.852335     -0.0358394       0.222455      0.0541569    -0.00605794     -0.0220387      0.0239756
     -0.0248943       0.125449     -0.0569237      0.0039424        0.15284    -0.00369503     0.00352269     -0.0358394        1.11763      0.0886281     -0.0976103      0.0767379      0.0227582      0.0525444
     -0.0775318     -0.0353965        0.18453      -0.183434      0.0300229       0.205435      0.0429368       0.222455      0.0886281        1.21317      0.0385886      0.0103724      -0.156393      0.0187066
     -0.0314532       0.140436      0.0055867      0.0778476      0.0350487      -0.179969      0.0721736      0.0541569     -0.0976103      0.0385886        1.37855       0.056832      0.0396729     -0.0911953
      0.0552188      0.0303409      0.0573598    -0.00716228     -0.0251476     -0.0460326      0.0269703    -0.00605794      0.0767379      0.0103724       0.056832        2.33476       -1.51384      -0.423051
        0.10933      0.0709741      -0.045374     -0.0443646    -0.00274655       0.106421      -0.003425     -0.0220387      0.0227582      -0.156393      0.0396729       -1.51384        2.12667        0.36944
     -0.0227977     -0.0995121      0.0124681      0.0140444  -7.16235e-005      0.0858516      0.0111983      0.0239756      0.0525444      0.0187066     -0.0911953      -0.423051        0.36944        1.24458

 LOG_DETERMINANT       -1.69834