

 DIM      10

 MAXCLUSTERS       2

 FEATURE_MEAN      1    10

      0.0351625
        43.8393
         131.27
        22.7536
        2.78955
        2.35735
        4.84015
        58.6448
        2.38172
       0.798946

 FEATURE_SIGMA      1    10

      0.0274254
        6.90911
        12.4745
        5.22503
        1.54461
        1.42864
        2.35109
        55.4141
       0.972435
       0.108308

 FEATURE_MIN      1    10

      0.0153333
        16.9005
        88.5757
         12.848
        0.11501
       0.100152
       0.329063
              6
              1
       0.443349

 FEATURE_MAX      1    10

          0.392
        69.2997
        151.866
        53.1516
        14.4779
        10.2001
        21.1267
            347
        4.99741
              1

*************************************************

 CLUSTER       0

 COUNT      7528

 LOG_PRIOR -0.355532

 MEAN_VECTOR 

     1    10

      -0.338988
       0.215859
       0.149322
      -0.423983
      -0.490703
      -0.371659
      -0.332944
      -0.211638
       0.129564
      0.0353012

 INVERSE_COVARIANCE_MATRIX 

     1    10     1    10

          7.417       -0.82778        0.68296      -0.637937       -2.18552     -0.0258552      -0.819191       0.838285      -0.181519      -0.458882
      -0.827781        1.50565       0.225887      -0.225355       0.740278       0.296327       0.354854      -0.311273      0.0711725      0.0523959
        0.68296       0.225887        1.24712      -0.278059      -0.298827      -0.227596       0.316442       0.237381      -0.105102     0.00281394
      -0.637937      -0.225355      -0.278059         3.2078       -1.39888     -0.0985245       0.684665      -0.558445     0.00741753      -0.292583
       -2.18552       0.740278      -0.298827       -1.39888        6.30253      -0.652254      -0.582764      -0.491939       0.222785       0.198795
     -0.0258551       0.296327      -0.227596     -0.0985245      -0.652254        2.43131      -0.418956     -0.0218439     -0.0784335        0.27045
      -0.819192       0.354854       0.316442       0.684666      -0.582764      -0.418956        2.51979      -0.205904     -0.0315576      0.0672563
       0.838285      -0.311273       0.237381      -0.558445      -0.491939     -0.0218439      -0.205904        1.96208      -0.108313       0.422392
      -0.181519      0.0711725      -0.105102     0.00741754       0.222785     -0.0784335     -0.0315576      -0.108313        1.03028      0.0646841
      -0.458882      0.0523959     0.00281394      -0.292583       0.198795        0.27045      0.0672563       0.422392      0.0646841        1.27521

 LOG_DETERMINANT       -7.15079

*************************************************

 CLUSTER       1

 COUNT      3214

 LOG_PRIOR  -1.20665

 MEAN_VECTOR 

     1    10

         0.6719
      -0.466003
        -0.2192
       0.773321
        1.00837
       0.852169
       0.736186
       0.540921
     -0.0698514
      -0.233482

 INVERSE_COVARIANCE_MATRIX 

     1    10     1    10

        1.00846      -0.410578       0.155154      -0.322503      -0.488198      0.0584953      -0.093079       0.301459     -0.0444386     -0.0596395
      -0.410578        1.23188       0.115572       0.203066       0.128136      0.0830859       0.153207      -0.178698        0.13545     -0.0256314
       0.155154       0.115572        1.31247     -0.0142572     -0.0143151      -0.206709       0.229524       0.121449     -0.0431727       0.173349
      -0.322504       0.203066     -0.0142572        1.64936       -0.75648       0.114408       0.379739      -0.183408     -0.0239238      -0.174488
      -0.488198       0.128136     -0.0143151       -0.75648        1.64308      -0.185375      -0.217872     -0.0705822       0.145768     0.00444341
      0.0584952      0.0830859      -0.206709       0.114408      -0.185375       0.945623    -0.00256315      0.0572525     -0.0238908       0.221844
      -0.093079       0.153207       0.229524       0.379739      -0.217872    -0.00256315       0.876926      0.0598937    -0.00238092      0.0282237
       0.301459      -0.178698       0.121449      -0.183408     -0.0705822      0.0572525      0.0598938       0.780028     -0.0492628       0.180769
     -0.0444386        0.13545     -0.0431727     -0.0239239       0.145768     -0.0238908    -0.00238092     -0.0492628        1.16587       0.151265
     -0.0596395     -0.0256314       0.173349      -0.174488     0.00444339       0.221844      0.0282237       0.180769       0.151265         1.1557

 LOG_DETERMINANT       0.240996