

 DIM       6

 MAXCLUSTERS       2

 FEATURE_MEAN      1     6

      0.0210668
        237.611
        9.86659
        3.18634
        2.46388
       0.763698

 FEATURE_SIGMA      1     6

      0.0399684
         21.561
        6.62062
        3.59046
         2.1766
        0.10298

 FEATURE_MIN      1     6

          0.001
        191.719
       -2.49633
       -4.72611
        1.00669
       0.449737

 FEATURE_MAX      1     6

       0.298894
        338.143
        51.7947
         29.348
        75.4098
       0.983089

*************************************************

 CLUSTER       0

 COUNT      1939

 LOG_PRIOR  -1.01884

 MEAN_VECTOR 

     1     6

        0.39536
       0.605818
       -1.01864
      -0.748312
      0.0846295
      -0.293991

 INVERSE_COVARIANCE_MATRIX 

     1     6     1     6

       0.471855      0.0993754     -0.0288945     -0.0490778       0.121995       -0.13074
      0.0993754        1.10213       0.117478      -0.117166      0.0424817      -0.307946
     -0.0288945       0.117478        2.72797      -0.281706      0.0102431      0.0524427
     -0.0490778      -0.117166      -0.281706        5.04427      0.0138621      -0.131348
       0.121995      0.0424817      0.0102431      0.0138621        1.38933     -0.0323524
       -0.13074      -0.307946      0.0524427      -0.131348     -0.0323524        1.28736

 LOG_DETERMINANT       -2.39753

*************************************************

 CLUSTER       1

 COUNT      3432

 LOG_PRIOR -0.447871

 MEAN_VECTOR 

     1     6

       -0.23096
      -0.355696
       0.528531
       0.371074
     0.00280625
      0.0525324

 INVERSE_COVARIANCE_MATRIX 

     1     6     1     6

        4.74038       0.175521      -0.171336      0.0333363       0.174464       -0.47315
       0.175521        1.68355     -0.0199125      -0.294707      0.0786131      -0.544417
      -0.171336     -0.0199125         1.8733      -0.166234      -0.116376      0.0842042
      0.0333363      -0.294707      -0.166234        1.01943      0.0400104      0.0120167
       0.174464      0.0786131      -0.116376      0.0400104       0.840329      0.0517619
       -0.47315      -0.544417      0.0842042      0.0120167      0.0517619        1.24653

 LOG_DETERMINANT       -2.46718