

 DIM      10

 MAXCLUSTERS       2

 FEATURE_MEAN      1    10

      0.0351625
        43.8393
         131.27
        22.7536
        2.78955
        2.35735
        4.84015
        58.6448
        2.38172
       0.798946

 FEATURE_SIGMA      1    10

      0.0274254
        6.90911
        12.4745
        5.22503
        1.54461
        1.42864
        2.35109
        55.4141
       0.972435
       0.108308

 FEATURE_MIN      1    10

      0.0153333
        16.9005
        88.5757
         12.848
        0.11501
       0.100152
       0.329063
              6
              1
       0.443349

 FEATURE_MAX      1    10

          0.392
        69.2997
        151.866
        53.1516
        14.4779
        10.2001
        21.1267
            347
        4.99741
              1

*************************************************

 CLUSTER       0

 COUNT       412

 LOG_PRIOR -0.614923

 MEAN_VECTOR 

     1    10

     -0.0447464
      -0.431612
      -0.353664
       0.365311
       0.180533
      0.0971414
       0.445004
      -0.152675
      -0.882603
       0.232734

 INVERSE_COVARIANCE_MATRIX 

     1    10     1    10

        6.72039       -1.77901       0.444328      -0.569063       -1.80957       0.298005      -0.646688        1.74489      -0.986674      0.0630393
       -1.77901        2.63773      -0.266092       0.738662       0.486096      -0.173602       0.469316      0.0845771       0.427734      -0.442081
       0.444328      -0.266092        2.24967      -0.995155       0.596821      -0.329882        0.15603      -0.327578      -0.157962        0.51912
      -0.569063       0.738662      -0.995155        4.50286       -2.47701       0.224916       0.456427      -0.604452       0.531044      -0.723477
       -1.80957       0.486096       0.596821       -2.47701        6.89141      -0.578898      -0.485909      -0.920004       0.247145        0.38284
       0.298005      -0.173602      -0.329882       0.224916      -0.578898        3.87355       0.154269       -0.90677      -0.138862       0.206587
      -0.646688       0.469316        0.15603       0.456427      -0.485909       0.154269        1.48986      -0.265165       0.439213       0.171115
        1.74489       0.084577      -0.327578      -0.604452      -0.920004       -0.90677      -0.265165        4.54081        0.29012     -0.0827018
      -0.986674       0.427734      -0.157962       0.531044       0.247145      -0.138862       0.439213        0.29012        4.82656       0.445426
      0.0630394      -0.442081        0.51912      -0.723477        0.38284       0.206587       0.171115     -0.0827018       0.445426        2.42151

 LOG_DETERMINANT       -11.3751

*************************************************

 CLUSTER       1

 COUNT       350

 LOG_PRIOR -0.778013

 MEAN_VECTOR 

     1    10

        1.17386
       0.144496
      -0.782496
        1.58795
        1.08209
      0.0541474
      -0.122973
      -0.235458
       -1.10635
         1.1108

 INVERSE_COVARIANCE_MATRIX 

     1    10     1    10

         1.9735      -0.508408       0.348609      -0.745405       -1.20605      -0.190257     -0.0893856         3.2608       -0.51561      -0.313798
      -0.508408        2.57463      -0.577918        0.98729       0.293875       -0.16231       0.694748        -1.3938         1.0818      -0.378157
       0.348609      -0.577918        5.36452        -1.5922        1.17717     -0.0415134      -0.249204       0.685761       -2.34607     -0.0782759
      -0.745405        0.98729        -1.5922         3.0429      -0.794029      0.0842332       0.687549         -2.381         1.4608      0.0924384
       -1.20605       0.293875        1.17717      -0.794029        4.61087      -0.151626      -0.711911        -1.6455     -0.0483806       0.253448
      -0.190257       -0.16231     -0.0415134      0.0842333      -0.151626        3.28539      -0.272757       -1.65345       0.265716       0.660605
     -0.0893855       0.694749      -0.249204       0.687549      -0.711911      -0.272757        2.64915      -0.261217       0.713643       0.429118
        3.26081        -1.3938       0.685762         -2.381        -1.6455       -1.65345      -0.261217        12.2642      -0.106892       -1.08003
       -0.51561         1.0818       -2.34607         1.4608     -0.0483805       0.265716       0.713643      -0.106891        12.6459        1.80503
      -0.313798      -0.378157     -0.0782759      0.0924385       0.253448       0.660605       0.429119       -1.08003        1.80503        5.03667

 LOG_DETERMINANT       -12.7184