

 DIM       6

 MAXCLUSTERS       2

 FEATURE_MEAN      1     6

      0.0210668
        237.611
        9.86659
        3.18634
        2.46388
       0.763698

 FEATURE_SIGMA      1     6

      0.0399684
         21.561
        6.62062
        3.59046
         2.1766
        0.10298

 FEATURE_MIN      1     6

          0.001
        191.719
       -2.49633
       -4.72611
        1.00669
       0.449737

 FEATURE_MAX      1     6

       0.298894
        338.143
        51.7947
         29.348
        75.4098
       0.983089

*************************************************

 CLUSTER       0

 COUNT       186

 LOG_PRIOR -0.717053

 MEAN_VECTOR 

     1     6

       0.274436
       0.409574
      0.0430596
       0.224265
      -0.485552
        1.03908

 INVERSE_COVARIANCE_MATRIX 

     1     6     1     6

        2.35482        1.05955       0.120643      -0.428857      -0.627025      -0.350001
        1.05955        4.46477        1.01481       -1.80503       -1.39604       0.166925
       0.120643        1.01481        7.62227       -1.66133     -0.0895337       -1.27525
      -0.428857       -1.80503       -1.66133        8.74082       -0.48623       -1.60293
      -0.627025       -1.39604     -0.0895338       -0.48623        51.8761        1.72374
      -0.350001       0.166925       -1.27525       -1.60293        1.72374        3.52474

 LOG_DETERMINANT       -11.2458

*************************************************

 CLUSTER       1

 COUNT       195

 LOG_PRIOR   -0.6698

 MEAN_VECTOR 

     1     6

      -0.128182
      -0.154423
       0.785746
       0.696086
       -0.42777
        1.00763

 INVERSE_COVARIANCE_MATRIX 

     1     6     1     6

        9.52472      -0.363921       0.532241       0.210999       0.585734      -0.985729
      -0.363921        5.12378       -1.25341      -0.698745      -0.670756        -1.6762
       0.532241       -1.25341        7.90127       -1.68502        1.11037        0.50833
       0.210999      -0.698745       -1.68502         5.8339       -1.02038      -0.343966
       0.585734      -0.670756        1.11037       -1.02038        38.7994        1.58495
      -0.985729        -1.6762        0.50833      -0.343966        1.58495        3.59337

 LOG_DETERMINANT       -12.2575