

 DIM      10

 MAXCLUSTERS       2

 FEATURE_MEAN      1    10

       0.066944
        33.8213
        118.377
         49.256
        6.89068
        5.05893
        6.28581
        64.6469
        2.22333
       0.769386

 FEATURE_SIGMA      1    10

      0.0529383
        14.6278
        12.6689
        18.3715
        3.66821
        2.95918
        3.75538
        59.8444
       0.946506
       0.104285

 FEATURE_MIN      1    10

      0.0313725
        3.13725
        82.1182
        12.8142
       0.241493
       0.187731
       0.246748
              6
              1
       0.460958

 FEATURE_MAX      1    10

       0.592157
        87.9922
        139.368
        98.9741
        28.2587
        27.4145
        22.8477
            349
        4.99209
              1

*************************************************

 CLUSTER       0

 COUNT      2997

 LOG_PRIOR -0.561758

 MEAN_VECTOR 

     1    10

       -0.35907
       0.384714
       0.653908
      -0.214413
      -0.689671
      -0.451386
      -0.664473
      -0.281388
       0.162388
      0.0277467

 INVERSE_COVARIANCE_MATRIX 

     1    10     1    10

        5.24168       -1.06516       0.548143       -1.44814       -0.88016      -0.194471      -0.876107       0.423789     -0.0116411      -0.106336
       -1.06516        2.21407        0.40279        1.53269       0.724661      -0.406312         1.3726      -0.254296     0.00382923       0.114773
       0.548143       0.402791        2.88715      -0.213355      0.0948842     -0.0692559        1.09869       0.513243     -0.0750083       0.727968
       -1.44814        1.53269      -0.213356        2.98056      -0.976321       0.189412        2.00401      -0.359075    -0.00899601       0.102418
      -0.880159       0.724662      0.0948843      -0.976321        5.25958        -1.6392      -0.862893       0.143236      0.0403621      0.0378408
      -0.194471      -0.406312     -0.0692559       0.189412        -1.6392        3.02149      -0.169827       -0.24478     -0.0286913       0.118752
      -0.876107         1.3726        1.09869        2.00401      -0.862892      -0.169827        4.97173      -0.176596     -0.0127368       0.323838
       0.423789      -0.254296       0.513243      -0.359075       0.143236       -0.24478      -0.176596        2.01205     -0.0717685       0.531313
     -0.0116411     0.00382922     -0.0750083    -0.00899602      0.0403621     -0.0286913     -0.0127368     -0.0717685        1.05162      0.0107655
      -0.106336       0.114773       0.727969       0.102418      0.0378407       0.118752       0.323838       0.531313      0.0107655        1.30918

 LOG_DETERMINANT        -7.8169

*************************************************

 CLUSTER       1

 COUNT      2259

 LOG_PRIOR -0.844448

 MEAN_VECTOR 

     1    10

      0.0259785
      -0.267305
      -0.520625
       -0.16124
       0.549046
       0.574762
       0.795234
       0.459747
       0.197843
      -0.273363

 INVERSE_COVARIANCE_MATRIX 

     1    10     1    10

        1.37782      -0.673596       0.113194      -0.893568     0.00760829      -0.117657     -0.0853813       0.186911      0.0384139     -0.0534215
      -0.673596        2.44615      0.0461043        1.23938       0.444384      -0.614578        0.53383      -0.227677     0.00364567      -0.108887
       0.113194      0.0461043        1.60481      -0.567762       0.335175       -0.22411      0.0222395      0.0507575     -0.0209539       0.348215
      -0.893568        1.23938      -0.567762        2.70254      -0.718167       0.248498       0.828776      -0.255208      0.0224354     -0.0641917
     0.00760837       0.444384       0.335175      -0.718167        1.65106      -0.531805         -0.162       0.130177      -0.034204      0.0606538
      -0.117657      -0.614578       -0.22411       0.248498      -0.531805        1.09213      0.0057251     -0.0480465     -0.0415131      0.0990013
     -0.0853814        0.53383      0.0222395       0.828776         -0.162     0.00572509        1.58052       0.139594     -0.0401743       0.186315
       0.186911      -0.227677      0.0507575      -0.255208       0.130177     -0.0480465       0.139594       0.816442     -0.0527039       0.283289
      0.0384139     0.00364567     -0.0209539      0.0224354      -0.034204     -0.0415131     -0.0401743     -0.0527039       0.989271      0.0725259
     -0.0534215      -0.108887       0.348215     -0.0641917      0.0606538      0.0990013       0.186315       0.283289      0.0725259        1.23855

 LOG_DETERMINANT       -1.73977