

 DIM      14

 MAXCLUSTERS       2

 FEATURE_MEAN      1    14

       0.066944
        33.8213
        118.377
         49.256
        6.89068
        5.05893
        6.28581
        64.6469
        2.22333
       0.769386
        32.0628
       0.322378
        0.39562
       0.290427

 FEATURE_SIGMA      1    14

      0.0529383
        14.6278
        12.6689
        18.3715
        3.66821
        2.95918
        3.75538
        59.8444
       0.946506
       0.104285
         14.303
        0.17081
        0.19641
       0.237726

 FEATURE_MIN      1    14

      0.0313725
        3.13725
        82.1182
        12.8142
       0.241493
       0.187731
       0.246748
              6
              1
       0.460958
        10.0024
          -0.27
      -0.449513
      -0.558864

 FEATURE_MAX      1    14

       0.592157
        87.9922
        139.368
        98.9741
        28.2587
        27.4145
        22.8477
            349
        4.99209
              1
         84.544
       0.851374
        0.85423
       0.889256

*************************************************

 CLUSTER       0

 COUNT      3000

 LOG_PRIOR -0.560758

 MEAN_VECTOR 

     1    14

      -0.371803
       0.363668
       0.627942
      -0.223826
        -0.7001
      -0.467831
      -0.644514
      -0.265254
       0.149378
      0.0309767
       -0.34987
      -0.275587
      -0.161805
      -0.166388

 INVERSE_COVARIANCE_MATRIX 

     1    14     1    14

        5.78256       -1.07125        0.52248       -1.49036       -0.97756      -0.145451      -0.847595       0.414966      0.0219296       -0.10539      -0.173703     0.00150885     -0.0307368      -0.104317
       -1.07125        2.35515       0.381186          1.572       0.958848      -0.358596        1.42398      -0.284004      0.0169407       0.110382       -0.46562      0.0266096    -0.00849893     0.00843762
        0.52248       0.381186        2.75348      -0.223577       0.185389     -0.0120478        1.11764        0.48131     -0.0824154       0.699855      -0.117109      0.0594531     -0.0162674      0.0676809
       -1.49036          1.572      -0.223577        2.98447      -0.825559       0.163775        1.95422      -0.378525    -0.00784702       0.108016      -0.134597     -0.0717519     -0.0573011      0.0570775
       -0.97756       0.958848       0.185389      -0.825559        5.58058        -1.5192      -0.768341      0.0988791      0.0666769      0.0623675      -0.388218       0.063032      -0.183323      0.0720858
      -0.145451      -0.358596     -0.0120478       0.163775        -1.5192        3.14951      -0.146778      -0.303773    -0.00965168       0.121844      -0.259009     0.00285927     -0.0484092      0.0328939
      -0.847595        1.42398        1.11764        1.95422      -0.768341      -0.146778        4.74494      -0.214476    -0.00765589       0.311415      -0.111019      0.0225173     0.00503109      0.0318898
       0.414966      -0.284004        0.48131      -0.378525       0.098879      -0.303773      -0.214476        1.94359     -0.0786025       0.522675       0.178341     -0.0167576      0.0466764      0.0207351
      0.0219296      0.0169407     -0.0824154    -0.00784702      0.0666769    -0.00965169    -0.00765589     -0.0786025        1.07911      0.0150721     -0.0637744      0.0739518     -0.0258354     -0.0496204
       -0.10539       0.110382       0.699856       0.108016      0.0623675       0.121844       0.311415       0.522675      0.0150721        1.31811     0.00998643      0.0579412       -0.13861     -0.0356528
      -0.173703       -0.46562      -0.117109      -0.134597      -0.388218      -0.259009      -0.111019       0.178341     -0.0637744     0.00998644          1.605    -0.00140915      0.0362174     -0.0457538
     0.00150888      0.0266096      0.0594531     -0.0717518       0.063032     0.00285926      0.0225173     -0.0167576      0.0739518      0.0579412    -0.00140915        2.26724       -1.22585      -0.577924
     -0.0307369    -0.00849891     -0.0162674     -0.0573011      -0.183323     -0.0484091     0.00503108      0.0466764     -0.0258354       -0.13861      0.0362174       -1.22585        1.66193       0.390253
      -0.104317     0.00843761      0.0676809      0.0570774      0.0720858      0.0328939      0.0318898      0.0207351     -0.0496204     -0.0356528     -0.0457538      -0.577924       0.390253        1.39751

 LOG_DETERMINANT       -9.34635

*************************************************

 CLUSTER       1

 COUNT      2256

 LOG_PRIOR -0.845777

 MEAN_VECTOR 

     1    14

      0.0434231
      -0.240185
      -0.487659
      -0.148653
       0.564561
       0.597996
       0.770634
       0.439278
        0.21519
      -0.278059
        0.44412
      -0.151155
     -0.0368784
      -0.212192

 INVERSE_COVARIANCE_MATRIX 

     1    14     1    14

        1.35742      -0.658131       0.132963      -0.907051      0.0295341       -0.11476     -0.0988283       0.174771      0.0436445     -0.0706073      -0.013537     0.00713695       0.104424     -0.0210549
      -0.658131        2.51168    -0.00846815        1.29009       0.477668      -0.545043       0.597846      -0.245608      0.0426246      -0.135079      -0.321572       0.088074     -0.0920478      -0.116162
       0.132963     -0.0084682        1.55539      -0.564381       0.335719       -0.21773       0.093901       0.102418     -0.0354278       0.365001   -0.000475295      -0.031051     -0.0584505      0.0579875
      -0.907051        1.29009      -0.564381        2.76236      -0.718262       0.274443       0.848653      -0.265176      0.0258194      -0.053942      -0.121978      -0.048175      -0.139951      0.0772961
      0.0295342       0.477667       0.335719      -0.718262        1.68993      -0.514179      -0.148814       0.115104    -0.00876514      0.0568184      -0.121009    -0.00347314     -0.0279102     -0.0199975
       -0.11476      -0.545043       -0.21773       0.274443      -0.514179        1.08745     0.00332541     -0.0650305     -0.0262238       0.088311     -0.0772808     -0.0506142      0.0914433      0.0456101
     -0.0988283       0.597846       0.093901       0.848652      -0.148814     0.00332541        1.55639       0.100224     -0.0102528       0.180551     -0.0372982      0.0552464     -0.0108104      0.0383822
       0.174771      -0.245608       0.102418      -0.265176       0.115104     -0.0650305       0.100224       0.818857     -0.0565507        0.28485       0.116335     -0.0197765      0.0152276      0.0257602
      0.0436445      0.0426246     -0.0354278      0.0258194    -0.00876515     -0.0262238     -0.0102528     -0.0565507       0.985991       0.050511      -0.121011       0.106825     -0.0148374     0.00417729
     -0.0706073      -0.135079       0.365001      -0.053942      0.0568184      0.0883111       0.180551        0.28485       0.050511         1.2704      0.0360863     -0.0218984      -0.159848       0.020961
      -0.013537      -0.321572   -0.000475298      -0.121978      -0.121009     -0.0772809     -0.0372982       0.116335      -0.121011      0.0360863       0.942529     0.00489161     -0.0533442     -0.0773442
     0.00713697       0.088074      -0.031051      -0.048175    -0.00347314     -0.0506142      0.0552463     -0.0197765       0.106825     -0.0218984     0.00489161        2.23318       -1.27893       -0.63078
       0.104424     -0.0920478     -0.0584505      -0.139951     -0.0279102      0.0914433     -0.0108104      0.0152276     -0.0148373      -0.159848     -0.0533442       -1.27893        1.89237       0.400782
      -0.021055      -0.116162      0.0579875       0.077296     -0.0199975      0.0456101      0.0383822      0.0257602     0.00417729       0.020961     -0.0773442       -0.63078       0.400782        1.56441

 LOG_DETERMINANT       -2.80933