

 DIM       6

 MAXCLUSTERS       2

 FEATURE_MEAN      1     6

      0.0145328
        226.149
        33.5589
         10.037
        2.50909
       0.738328

 FEATURE_SIGMA      1     6

      0.0271727
         66.812
        15.0335
        6.86153
        2.28741
       0.109276

 FEATURE_MIN      1     6

     0.00100185
        97.6019
       -1.37763
       -4.89779
        1.01781
       0.455688

 FEATURE_MAX      1     6

       0.297683
        402.375
        91.3733
        38.8425
        43.8313
       0.962283

*************************************************

 CLUSTER       0

 COUNT       316

 LOG_PRIOR -0.584617

 MEAN_VECTOR 

     1     6

     -0.0810914
       0.376517
       0.555562
       0.945261
      -0.388569
       0.734162

 INVERSE_COVARIANCE_MATRIX 

     1     6     1     6

        5.27177     -0.0235847      -0.359679      -0.322597        0.16825         -1.287
     -0.0235847        1.78599       0.225139       0.506953        1.07419       0.217002
      -0.359679       0.225139        1.96791       0.372404       0.469589       0.931615
      -0.322597       0.506953       0.372404          2.193       0.271699       0.689013
        0.16825        1.07419       0.469589       0.271699        28.5916       0.926652
         -1.287       0.217001       0.931615       0.689013       0.926652        2.87017

 LOG_DETERMINANT        -7.6351

*************************************************

 CLUSTER       1

 COUNT       251

 LOG_PRIOR -0.814906

 MEAN_VECTOR 

     1     6

        0.45049
      0.0271246
      -0.189332
      -0.152306
      -0.381865
       0.117256

 INVERSE_COVARIANCE_MATRIX 

     1     6     1     6

       0.449337      -0.065842      0.0778446      -0.129532       0.162942       -0.24989
     -0.0658421        1.36151       0.175637       0.373265       0.183649      -0.359038
      0.0778446       0.175637        2.59259       0.609397      -0.115775     0.00406524
      -0.129532       0.373265       0.609397        2.42797       0.867387     -0.0826394
       0.162939       0.183649      -0.115775       0.867387        26.7424       0.789047
      -0.249891      -0.359038     0.00406523     -0.0826394       0.789046        1.30604

 LOG_DETERMINANT       -4.48762